10
3
11
11
22
22
33
33
2.5
1
施工队
你说呢
34
女
231323
23456
23456
2
2
稳定的
12
嗷嗷的
3.14158
2.5
0.9
萨达
挨打
34
男
123133
222
222
2
8
123
10
234
9.9
345
8.7
456
10.9
567
11.7
我随便
11.2
时间的话
5.4
汇聚点
12.5
2.5
0.9
就是
手机端
67
女
1213123
123
123123
2
1
11
11
2.5
0.8
收到的
张三
11
女
123123
111
1111
2
1
爱的味道
1
2.5
0.7
简单
李四
34
男
123123123
2223
2223
2
1
额达到
1.2
2.5
0.96
结合
数据固定
67
女
11231233
6666
6666
2
1
好成本低就
3.45
2.5
0.87
几乎是大家
伟大的伟
62
女
123321
777
7777
2
1
阿瓦味道
4.5
2.5
0.67
为起点多无
头发重复
53
男
2313213123
888
88888
2
1
阿达的
1
2.5
1
的世界管
阿达
32
女
9279287
9999
9999
2
2
番茄炒蛋
15.5
牛肉
50
2.5
0.8
美味
不知道
78
男
12345678909
666666
666666
2
